(              Pts        Reb        2M         2A         3M         3A  \
 count   10.000000  10.000000  10.00000  10.000000  10.000000  10.000000   
 mean    28.200000  11.500000   8.20000  14.200000   2.800000   8.600000   
 std     40.821563  17.456295  11.91451  20.751439   4.467164  12.642081   
 min      0.000000   0.000000   0.00000   0.000000   0.000000   0.000000   
 25%      9.250000   1.500000   2.25000   3.750000   0.000000   2.500000   
 50%     18.000000   4.500000   5.50000   9.000000   1.500000   5.000000   
 75%     21.750000  14.500000   7.75000  13.250000   2.000000   9.000000   
 max    141.000000  58.000000  41.00000  71.000000  14.000000  43.000000   
 
               1M         1A        Ast        MIN        FG%          1%  \
 count  10.000000  10.000000  10.000000   10.00000  10.000000   10.000000   
 mean    3.400000   4.400000   5.400000   52.90000  43.850000   67.000000   
 std     4.971027   6.432556   8.208397   75.61665  20.277368   41.646662   
 min     0.000000   0.000000   0.000000    7.00000   0.000000    0.000000   
 25%     1.000000   1.000000   0.000000   18.25000  38.125000   42.500000   
 50%     1.500000   2.500000   3.000000   37.00000  42.500000   90.000000   
 75%     3.750000   4.750000   6.750000   41.75000  54.875000  100.000000   
 max    17.000000  22.000000  27.000000  265.00000  72.700000  100.000000   
 
               Or         Dr         To        Stl        Blk         Fo  \
 count  10.000000  10.000000  10.000000  10.000000  10.000000  10.000000   
 mean    3.200000   8.300000   1.800000   1.000000   0.800000   4.000000   
 std     5.116422  12.481542   3.084009   1.563472   1.316561   5.868939   
 min     0.000000   0.000000   0.000000   0.000000   0.000000   0.000000   
 25%     0.000000   1.250000   0.000000   0.000000   0.000000   1.000000   
 50%     0.500000   4.500000   0.500000   0.500000   0.000000   3.000000   
 75%     5.250000   9.750000   2.000000   1.000000   1.000000   3.750000   
 max    16.000000  42.000000  10.000000   5.000000   4.000000  20.000000   
 
              +/-        Eff  
 count  10.000000   10.00000  
 mean    7.000000   32.40000  
 std    11.254629   47.32676  
 min    -5.000000    0.00000  
 25%     1.750000    9.25000  
 50%     4.500000   22.00000  
 75%     8.250000   31.25000  
 max    35.000000  162.00000  ,

 
               Pts        Reb         2M         2A         3M         3A  \
 count   11.000000  11.000000  11.000000  11.000000  11.000000  11.000000   
 mean    24.363636  10.545455   5.818182  10.181818   3.272727  10.181818   
 std     39.973173  16.287195   9.346852  15.835518   5.728716  16.696216   
 min      0.000000   2.000000   0.000000   0.000000   0.000000   0.000000   
 25%      3.500000   4.000000   1.500000   3.000000   0.000000   2.000000   
 50%     10.000000   5.000000   2.000000   6.000000   1.000000   3.000000   
 75%     16.500000   8.000000   5.500000   9.500000   3.000000  10.500000   
 max    134.000000  59.000000  32.000000  56.000000  18.000000  56.000000   
 
               1M         1A        Ast         MIN        FG%          1%  \
 count  11.000000  11.000000  11.000000   11.000000  11.000000   11.000000   
 mean    2.909091   3.636364   4.727273   48.272727  35.890909   44.090909   
 std     4.721325   5.835627   7.471157   72.727011  23.289416   45.100897   
 min     0.000000   0.000000   0.000000    9.000000   0.000000    0.000000   
 25%     0.000000   0.000000   0.500000   17.000000  18.900000    0.000000   
 50%     1.000000   2.000000   3.000000   34.000000  44.600000   50.000000   
 75%     3.000000   4.500000   4.500000   37.500000  52.250000   87.500000   
 max    16.000000  20.000000  26.000000  265.000000  66.700000  100.000000   
 
               Or         Dr         To        Stl        Blk         Fo  \
 count  11.000000  11.000000  11.000000  11.000000  11.000000  11.000000   
 mean    2.636364   7.909091   2.636364   0.727273   1.272727   4.181818   
 std     4.249064  12.234824   4.272534   1.420627   2.004540   6.477935   
 min     0.000000   1.000000   0.000000   0.000000   0.000000   0.000000   
 25%     1.000000   3.000000   1.000000   0.000000   0.000000   1.000000   
 50%     1.000000   4.000000   1.000000   0.000000   1.000000   2.000000   
 75%     2.000000   6.500000   2.500000   0.500000   1.000000   4.000000   
 max    15.000000  44.000000  15.000000   4.000000   7.000000  23.000000   
 
              +/-         Eff  
 count  11.000000   11.000000  
 mean   -6.363636   26.909091  
 std    11.020642   42.554564  
 min   -35.000000    3.000000  
 25%    -8.500000    6.500000  
 50%    -5.000000   13.000000  
 75%     0.500000   19.500000  
 max     5.000000  148.000000  )